$method dftci
$dmat
$hamiltonian  R2018      
$dftparam standard
$mul=1
$orca
$selector eps   
$esel=        1.00000
 ciref  8  8  2
   6  57  40  27   7  58   8  59
$sthr=     0.00300
$acthr=     2.00000
$memint= 256
$maxsafdisk=  200000
$confinput mrdci
$roots    2  2  2  2
$nref=  69
0   1-6,26-27,39-40,52-57 
4 6 7 57 58   1-5,26-27,39-40,52-56 
0   1-7,26-27,39-40,52-56 
0   1-5,7,26-27,39-40,52-57 
0   1-6,26-27,39-40,52-56,58 
4 7 27 40 58   1-6,26,39,52-57 
4 6 27 40 58   1-5,7,26,39,52-57 
4 7 27 40 57   1-6,26,39,52-56,58 
4 7 26 40 58   1-6,27,39,52-57 
4 7 27 39 58   1-6,26,40,52-57 
4 7 27 40 59   1-6,26,39,52-57 
4 8 27 40 58   1-6,26,39,52-57 
0   1-7,26,39-40,52-57 
0   1-7,26-27,39,52-57 
0   1-6,26,39-40,52-58 
0   1-6,26-27,39,52-58 
2 7 27   1-6,26,39-40,52-57 
2 40 58   1-6,26-27,39,52-57 
4 6 7 40 58   1-5,26-27,39,52-57 
4 7 27 57 58   1-6,26,39-40,52-56 
2 7 26   1-6,27,39-40,52-57 
2 40 57   1-7,26-27,39,52-56 
2 39 58   1-6,26-27,40,52-57 
2 6 27   1-5,7,26,39-40,52-57 
2 40 57   1-6,26-27,39,52-56,58 
2 6 27   1-5,26,39-40,52-58 
2 40 59   1-6,26-27,39,52-57 
2 8 27   1-6,26,39-40,52-57 
4 7 27 40 41   1-6,26,39,52-57 
4 7 26 57 58   1-6,27,39-40,52-56 
4 6 7 27 58   1-5,26,39-40,52-57 
4 7 40 57 58   1-6,26-27,39,52-56 
2 7 39   1-6,26-27,40,52-57 
2 26 58   1-6,27,39-40,52-57 
2 27 57   1-7,26,39-40,52-56 
2 6 40   1-5,7,26-27,39,52-57 
2 27 57   1-6,26,39-40,52-56,58 
2 6 40   1-5,26-27,39,52-58 
2 8 40   1-6,26-27,39,52-57 
2 27 59   1-6,26,39-40,52-57 
4 27 40 41 58   1-6,26,39,52-57 
4 7 27 28 40   1-6,26,39,52-57 
2 7 41   1-6,26,39-40,52-57 
4 7 39 57 58   1-6,26-27,40,52-56 
2 7 40   1-6,26-27,39,52-57 
2 27 58   1-6,26,39-40,52-57 
2 27 40   1-7,26,39,52-57 
2 7 58   1-6,26,39-40,52-57 
2 7 58   1-6,26-27,39,52-57 
2 27 40   1-6,26,39,52-58 
2 7 57   1-6,26-27,39-40,52-56 
2 26 39   1-7,27,40,52-57 
2 6 58   1-5,26-27,39-40,52-57 
4 7 39 40 58   1-6,26-27,52-57 
2 27 41   1-6,26,39-40,52-57 
4 7 26 27 58   1-6,39-40,52-57 
2 26 40   1-7,27,39,52-57 
4 7 8 27 40   1-6,26,39,52-57 
2 7 59   1-6,26-27,39,52-57 
4 27 40 58 59   1-6,26,39,52-57 
2 7 59   1-6,26,39-40,52-57 
2 7 56   1-6,26-27,39-40,52-55,57 
2 5 58   1-4,6,26-27,39-40,52-57 
4 7 56 57 58   1-6,26-27,39-40,52-55 
4 5 6 7 58   1-4,26-27,39-40,52-57 
2 5 57   1-4,6-7,26-27,39-40,52-56 
2 6 56   1-5,7,26-27,39-40,52-55,57 
2 5 57   1-4,6,26-27,39-40,52-56,58 
2 6 56   1-5,26-27,39-40,52-55,57-58 
