  1.02188569   -0.00000000   -0.00291977   -0.00146873    0.59753264    0.42137815    0.00000001    0.40225243    0.00033041    0.59753264    0.01775049    0.00000000    0.00067939    0.03038647    0.01533003    0.00422062    0.00000002    0.00715402    0.01217236    0.01533003  
 -0.00000000    1.01909168    0.00000001   -0.00000001    0.42198857   -0.00000001    0.31474348   -0.00000001    0.00000014   -0.42198857   -0.00000000    0.01042569    0.00000001    0.00000000    0.00726655   -0.00000000    0.00314043    0.00000000   -0.00000000   -0.00726655  
 -0.00291977    0.00000001    1.02305933   -0.00014991    0.26315333   -0.50878436   -0.00000000   -0.18096777   -0.00002077    0.26315330    0.00067939   -0.00000001    0.01246516   -0.00005062    0.00501923   -0.00319679   -0.00000000    0.00410635   -0.00752293    0.00501923  
 -0.00146873   -0.00000001   -0.00014991    1.01283680    0.00011907   -0.00021763    0.00000027    0.00056634    0.31861318    0.00011924   -0.03038647    0.00000000    0.00005062   -0.07937045   -0.03231232   -0.00744601   -0.00000003   -0.00625599   -0.02697153   -0.03231234  
  0.59753264    0.42198857    0.26315333    0.00011907    1.01479002    0.14528370    0.08364933    0.16825948    0.00016013    0.29983719    0.01533004    0.00726655    0.00501922    0.03231232    0.03071970    0.00286692    0.00145715    0.00483584    0.00762337    0.01340429  
  0.42137815   -0.00000001   -0.50878436   -0.00021763    0.14528370    1.01573220    0.00000000    0.01254835   -0.00746303    0.14528371    0.00422061    0.00000000   -0.00319678    0.00744600    0.00286692    0.00332885    0.00000000    0.00118394    0.00312395    0.00286691  
  0.00000001    0.31474348   -0.00000000    0.00000027    0.08364933    0.00000000    1.01016482   -0.00000001    0.00000009   -0.08364931   -0.00000002    0.00314043    0.00000000   -0.00000003    0.00145712   -0.00000000    0.00424669   -0.00000000    0.00000001   -0.00145715  
  0.40225243   -0.00000001   -0.18096777    0.00056634    0.16825948    0.01254835   -0.00000001    1.03088276    0.00042435    0.16825950    0.00715402   -0.00000000    0.00410634    0.00625599    0.00483583    0.00118395    0.00000000    0.00794968   -0.00020932    0.00483583  
  0.00033041    0.00000014   -0.00002077    0.31861318    0.00016013   -0.00746303    0.00000009    0.00042435    1.03925531    0.00016000   -0.01217236   -0.00000000    0.00752294   -0.02697152   -0.00762338   -0.00312396    0.00000001    0.00020933   -0.03087562   -0.00762337  
  0.59753264   -0.42198857    0.26315330    0.00011924    0.29983719    0.14528371   -0.08364931    0.16825950    0.00016000    1.01479004    0.01533003   -0.00726655    0.00501922    0.03231231    0.01340428    0.00286692   -0.00145712    0.00483584    0.00762337    0.03071970  
  0.01775049   -0.00000000    0.00067939   -0.03038647    0.01533004    0.00422061   -0.00000002    0.00715402   -0.01217236    0.01533003    1.02188567    0.00000000   -0.00291977    0.00146875    0.59753264    0.42137818   -0.00000001    0.40225237   -0.00033032    0.59753263  
  0.00000000    0.01042569   -0.00000001    0.00000000    0.00726655    0.00000000    0.00314043   -0.00000000   -0.00000000   -0.00726655    0.00000000    1.01909169   -0.00000001   -0.00000001    0.42198857    0.00000001    0.31474349    0.00000001    0.00000014   -0.42198857  
  0.00067939    0.00000001    0.01246516    0.00005062    0.00501922   -0.00319678    0.00000000    0.00410634    0.00752294    0.00501922   -0.00291977   -0.00000001    1.02305923    0.00014976    0.26315326   -0.50878437    0.00000000   -0.18096778    0.00002059    0.26315328  
  0.03038647    0.00000000   -0.00005062   -0.07937045    0.03231232    0.00744600   -0.00000003    0.00625599   -0.02697152    0.03231231    0.00146875   -0.00000001    0.00014976    1.01283680   -0.00011928    0.00021770    0.00000028   -0.00056608    0.31861319   -0.00011911  
  0.01533003    0.00726655    0.00501923   -0.03231232    0.03071970    0.00286692    0.00145712    0.00483583   -0.00762338    0.01340428    0.59753264    0.42198857    0.26315326   -0.00011928    1.01479003    0.14528372    0.08364933    0.16825946   -0.00015999    0.29983718  
  0.00422062   -0.00000000   -0.00319679   -0.00744601    0.00286692    0.00332885   -0.00000000    0.00118395   -0.00312396    0.00286692    0.42137818    0.00000001   -0.50878437    0.00021770    0.14528372    1.01573224   -0.00000000    0.01254833    0.00746322    0.14528371  
  0.00000002    0.00314043   -0.00000000   -0.00000003    0.00145715    0.00000000    0.00424669    0.00000000    0.00000001   -0.00145712   -0.00000001    0.31474349    0.00000000    0.00000028    0.08364933   -0.00000000    1.01016484    0.00000001    0.00000009   -0.08364935  
  0.00715402    0.00000000    0.00410635   -0.00625599    0.00483584    0.00118394   -0.00000000    0.00794968    0.00020933    0.00483584    0.40225237    0.00000001   -0.18096778   -0.00056608    0.16825946    0.01254833    0.00000001    1.03088266   -0.00042414    0.16825944  
  0.01217236   -0.00000000   -0.00752293   -0.02697153    0.00762337    0.00312395    0.00000001   -0.00020932   -0.03087562    0.00762337   -0.00033032    0.00000014    0.00002059    0.31861319   -0.00015999    0.00746322    0.00000009   -0.00042414    1.03925532   -0.00016013  
  0.01533003   -0.00726655    0.00501923   -0.03231234    0.01340429    0.00286691   -0.00145715    0.00483583   -0.00762337    0.03071970    0.59753263   -0.42198857    0.26315328   -0.00011911    0.29983718    0.14528371   -0.08364935    0.16825944   -0.00016013    1.01479001  
