  1.02188569   -0.00000000   -0.00291977   -0.00146873    0.72602303    0.00000043   -0.12096570   -0.05655622    0.59753264    0.31495024    0.42137815    0.00000001    0.40225243    0.00033041    0.40299202    0.00000023    0.21141924   -0.07106507    0.59753264    0.31494958    0.01775049    0.00000000    0.00067939    0.03038647   -0.05903841    0.00000011   -0.05987693   -0.02682872    0.01533003   -0.04689819    0.00422062    0.00000002    0.00715402    0.01217236   -0.00379084    0.00000028   -0.04328535   -0.04920038    0.01533003   -0.04689836  
 -0.00000000    1.01909168    0.00000001   -0.00000001    0.00000046    0.60740116    0.00000029   -0.00000197    0.42198857    0.10380441   -0.00000001    0.31474348   -0.00000001    0.00000014    0.00000008    0.19318389    0.00000026   -0.00000189   -0.42198857   -0.10380378   -0.00000000    0.01042569    0.00000001    0.00000000   -0.00000002   -0.05415871   -0.00000027   -0.00000032    0.00726655   -0.02159674   -0.00000000    0.00314043    0.00000000   -0.00000000   -0.00000003   -0.00922401   -0.00000012   -0.00000034   -0.00726655    0.02159667  
 -0.00291977    0.00000001    1.02305933   -0.00014991   -0.12725733    0.00000040    0.75314577    0.00914935    0.26315333    0.03154965   -0.50878436   -0.00000000   -0.18096777   -0.00002077   -0.47425374   -0.00000081   -0.11801199    0.00873969    0.26315330    0.03154818    0.00067939   -0.00000001    0.01246516   -0.00005062   -0.05435010    0.00000006    0.02919572   -0.03310540    0.00501923   -0.03427149   -0.00319679   -0.00000000    0.00410635   -0.00752293   -0.00033677   -0.00000016    0.00301610   -0.03119326    0.00501923   -0.03427117  
 -0.00146873   -0.00000001   -0.00014991    1.01283680   -0.06844887   -0.00000258    0.00935303    0.86647737    0.00011907   -0.05376847   -0.00021763    0.00000027    0.00056634    0.31861318   -0.00419248   -0.00000043   -0.02538094    0.07043007    0.00011924   -0.05376530   -0.03038647    0.00000000    0.00005062   -0.07937045    0.03824716   -0.00000033    0.02156993   -0.01670754   -0.03231232    0.02972310   -0.00744601   -0.00000003   -0.00625599   -0.02697153   -0.01169506   -0.00000016    0.01979724    0.06316470   -0.03231234    0.02972339  
  0.72602303    0.00000046   -0.12725733   -0.06844887    1.25598916   -0.00000017   -0.31858780    0.01573805    0.26385356    0.63335361    0.38585404    0.00000004    0.16138217   -0.06323308    0.42025908   -0.00000003    0.40579756    0.03518280    0.26385348    0.63335352   -0.05903821    0.00000006   -0.05435047   -0.03824812    0.08061570   -0.00000000   -0.09236242    0.07748462   -0.04916986    0.04864657   -0.00500071    0.00000018   -0.05083606   -0.05079945    0.00572164    0.00000012    0.01848239    0.05228781   -0.04916980    0.04864634  
  0.00000043    0.60740116    0.00000040   -0.00000258   -0.00000017    1.17148619   -0.00000016    0.00000073    0.09691094    0.43855605    0.00000005    0.24269970    0.00000033   -0.00000146   -0.00000004    0.33458845   -0.00000004    0.00000090   -0.09691088   -0.43855624   -0.00000009   -0.05415874   -0.00000008   -0.00000032    0.00000001    0.07268360   -0.00000050    0.00000003   -0.02385072    0.06963211   -0.00000007   -0.00213947   -0.00000015   -0.00000025    0.00000001    0.04068830   -0.00000004    0.00000027    0.02385055   -0.06963216  
 -0.12096570    0.00000029    0.75314577    0.00935303   -0.31858780   -0.00000016    1.95406364    0.00726282    0.02625526    0.27083022   -0.43427444   -0.00000074   -0.02449000    0.00355456   -0.51943035    0.00000053   -0.09363888   -0.01474777    0.02625421    0.27083105   -0.05987653    0.00000021    0.02919512   -0.02156807   -0.09236399    0.00000047    0.34849505   -0.00745901   -0.03787294    0.04392129    0.00397773    0.00000006    0.02223566   -0.00775601   -0.00623949   -0.00000005    0.01233281   -0.01564844   -0.03787317    0.04392039  
 -0.05655622   -0.00000197    0.00914935    0.86647737    0.01573805    0.00000073    0.00726282    1.19811979   -0.05144139    0.01965810    0.00106632    0.00000007   -0.01183664    0.11112624    0.00023421    0.00000023    0.01165224    0.34212260   -0.05143942    0.01965727    0.02682813   -0.00000033    0.03310594   -0.01670731   -0.07748472    0.00000002    0.00745866   -0.12347421    0.01953255   -0.10685896   -0.02296502   -0.00000014    0.03151848    0.04044322   -0.01861778   -0.00000006   -0.02156248   -0.03239139    0.01953256   -0.10685884  
  0.59753264    0.42198857    0.26315333    0.00011907    0.26385356    0.09691094    0.02625526   -0.05144139    1.01479002    0.48820892    0.14528370    0.08364933    0.16825948    0.00016013    0.15584020    0.01154786    0.07251821   -0.06728767    0.29983719    0.22352967    0.01533004    0.00726655    0.00501922    0.03231232   -0.04916985   -0.02385060   -0.03787295   -0.01953243    0.03071970   -0.01115515    0.00286692    0.00145715    0.00483584    0.00762337    0.00087916    0.00717067   -0.01765879   -0.05128536    0.01340429   -0.01743996  
  0.31495024    0.10380441    0.03154965   -0.05376847    0.63335361    0.43855605    0.27083022    0.01965810    0.48820892    1.50188111    0.15265850    0.02608648    0.05041171   -0.04744408    0.14312114    0.21497983    0.23344725    0.02659016    0.22352927    0.46303617   -0.04689836   -0.02159666   -0.03427147   -0.02972265    0.04864474    0.06963233    0.04392348    0.10685921   -0.01115552    0.27449158    0.00183569    0.01020635   -0.02589073   -0.03928840    0.00397385    0.07782200    0.02951856    0.06650838   -0.01744016    0.05362902  
  0.42137815   -0.00000001   -0.50878436   -0.00021763    0.38585404    0.00000005   -0.43427444    0.00106632    0.14528370    0.15265850    1.01573220    0.00000000    0.01254835   -0.00746303    0.97524856    0.00000005   -0.03258272   -0.00737953    0.14528371    0.15265858    0.00422061    0.00000000   -0.00319678    0.00744600   -0.00500122    0.00000007    0.00397863    0.02296490    0.00286692    0.00183579    0.00332885    0.00000000    0.00118394    0.00312395   -0.00462227    0.00000004   -0.01183950    0.01574619    0.00286691    0.00183564  
  0.00000001    0.31474348   -0.00000000    0.00000027    0.00000004    0.24269970   -0.00000074    0.00000007    0.08364933    0.02608648    0.00000000    1.01016482   -0.00000001    0.00000009    0.00000008    0.97723387    0.00000022   -0.00000023   -0.08364931   -0.02608675   -0.00000002    0.00314043    0.00000000   -0.00000003   -0.00000017   -0.00213948   -0.00000010   -0.00000014    0.00145712    0.01020607   -0.00000000    0.00424669   -0.00000000    0.00000001   -0.00000005    0.00480827   -0.00000009    0.00000003   -0.00145715   -0.01020631  
  0.40225243   -0.00000001   -0.18096777    0.00056634    0.16138217    0.00000033   -0.02449000   -0.01183664    0.16825948    0.05041171    0.01254835   -0.00000001    1.03088276    0.00042435   -0.04189331    0.00000018    0.85118807   -0.02001597    0.16825950    0.05041140    0.00715402   -0.00000000    0.00410634    0.00625599   -0.05083655    0.00000016    0.02223691   -0.03151860    0.00483583   -0.02589049    0.00118395    0.00000000    0.00794968   -0.00020932   -0.00952913    0.00000010   -0.04275806   -0.03934930    0.00483583   -0.02589070  
  0.00033041    0.00000014   -0.00002077    0.31861318   -0.06323308   -0.00000146    0.00355456    0.11112624    0.00016013   -0.04744408   -0.00746303    0.00000009    0.00042435    1.03925531   -0.00985483    0.00000009   -0.02775138    0.86405573    0.00016000   -0.04744287   -0.01217236   -0.00000000    0.00752294   -0.02697152    0.05079907   -0.00000026    0.00775664    0.04044331   -0.00762338    0.03928862   -0.00312396    0.00000001    0.00020933   -0.03087562   -0.00921944   -0.00000011    0.02462133    0.04380133   -0.00762337    0.03928877  
  0.40299202    0.00000008   -0.47425374   -0.00419248    0.42025908   -0.00000004   -0.51943035    0.00023421    0.15584020    0.14312114    0.97524856    0.00000008   -0.04189331   -0.00985483    1.01921953   -0.00000007    0.03287744   -0.00778388    0.15584031    0.14312113   -0.00379117    0.00000003   -0.00033659    0.01169491    0.00572195   -0.00000001   -0.00624037    0.01861753    0.00087895    0.00397381   -0.00462221    0.00000005   -0.00952899    0.00921920    0.00489595   -0.00000002    0.00592127    0.00825514    0.00087888    0.00397384  
  0.00000023    0.19318389   -0.00000081   -0.00000043   -0.00000003    0.33458845    0.00000053    0.00000023    0.01154786    0.21497983    0.00000005    0.97723387    0.00000018    0.00000009   -0.00000007    1.12584946   -0.00000003    0.00000072   -0.01154753   -0.21498028   -0.00000028   -0.00922398    0.00000015   -0.00000015   -0.00000012    0.04068834    0.00000006   -0.00000005    0.00717019    0.07782209   -0.00000005    0.00480826   -0.00000011   -0.00000010    0.00000002    0.05621530    0.00000003    0.00000001   -0.00717070   -0.07782196  
  0.21141924    0.00000026   -0.11801199   -0.02538094    0.40579756   -0.00000004   -0.09363888    0.01165224    0.07251821    0.23344725   -0.03258272    0.00000022    0.85118807   -0.02775138    0.03287744   -0.00000003    1.13420669    0.01165687    0.07251824    0.23344729   -0.04328580    0.00000013    0.00301623   -0.01979737    0.01848199    0.00000004    0.01233347    0.02156236   -0.01765900    0.02951860   -0.01183946    0.00000009   -0.04275802   -0.02462147    0.00592130   -0.00000003    0.02769322    0.01404426   -0.01765912    0.02951845  
 -0.07106507   -0.00000189    0.00873969    0.07043007    0.03518280    0.00000090   -0.01474777    0.34212260   -0.06728767    0.02659016   -0.00737953   -0.00000023   -0.02001597    0.86405573   -0.00778388    0.00000072    0.01165687    1.21349610   -0.06728528    0.02658896    0.04919964   -0.00000035    0.03119406    0.06316472   -0.05228742    0.00000027    0.01564770   -0.03239122    0.05128545   -0.06650820   -0.01574616    0.00000003    0.03934945    0.04380136   -0.00825517    0.00000001   -0.01404418   -0.05202799    0.05128545   -0.06650831  
  0.59753264   -0.42198857    0.26315330    0.00011924    0.26385348   -0.09691088    0.02625421   -0.05143942    0.29983719    0.22352927    0.14528371   -0.08364931    0.16825950    0.00016000    0.15584031   -0.01154753    0.07251824   -0.06728528    1.01479004    0.48820920    0.01533003   -0.00726655    0.00501922    0.03231231   -0.04916994    0.02385079   -0.03787267   -0.01953241    0.01340428   -0.01744017    0.00286692   -0.00145712    0.00483584    0.00762337    0.00087923   -0.00717016   -0.01765869   -0.05128535    0.03071970   -0.01115536  
  0.31494958   -0.10380378    0.03154818   -0.05376530    0.63335352   -0.43855624    0.27083105    0.01965727    0.22352967    0.46303617    0.15265858   -0.02608675    0.05041140   -0.04744287    0.14312113   -0.21498028    0.23344729    0.02658896    0.48820920    1.50188131   -0.04689820    0.02159676   -0.03427178   -0.02972238    0.04864501   -0.06963224    0.04392434    0.10685931   -0.01744036    0.05362844    0.00183585   -0.01020611   -0.02589053   -0.03928827    0.00397383   -0.07782212    0.02951872    0.06650826   -0.01115535    0.27449156  
  0.01775049   -0.00000000    0.00067939   -0.03038647   -0.05903821   -0.00000009   -0.05987653    0.02682813    0.01533004   -0.04689836    0.00422061   -0.00000002    0.00715402   -0.01217236   -0.00379117   -0.00000028   -0.04328580    0.04919964    0.01533003   -0.04689820    1.02188567    0.00000000   -0.00291977    0.00146875    0.72602409   -0.00000051   -0.12096408    0.05655568    0.59753264    0.31495103    0.42137818   -0.00000001    0.40225237   -0.00033032    0.40299115   -0.00000031    0.21142074    0.07106481    0.59753263    0.31495183  
  0.00000000    0.01042569   -0.00000001    0.00000000    0.00000006   -0.05415874    0.00000021   -0.00000033    0.00726655   -0.02159666    0.00000000    0.00314043   -0.00000000   -0.00000000    0.00000003   -0.00922398    0.00000013   -0.00000035   -0.00726655    0.02159676    0.00000000    1.01909169   -0.00000001   -0.00000001   -0.00000056    0.60740068   -0.00000020   -0.00000194    0.42198857    0.10380351    0.00000001    0.31474349    0.00000001    0.00000014   -0.00000007    0.19318394   -0.00000034   -0.00000185   -0.42198857   -0.10380435  
  0.00067939    0.00000001    0.01246516    0.00005062   -0.05435047   -0.00000008    0.02919512    0.03310594    0.00501922   -0.03427147   -0.00319678    0.00000000    0.00410634    0.00752294   -0.00033659    0.00000015    0.00301623    0.03119406    0.00501922   -0.03427178   -0.00291977   -0.00000001    1.02305923    0.00014976   -0.12725527   -0.00000027    0.75315106   -0.00915089    0.26315326    0.03155157   -0.50878437    0.00000000   -0.18096778    0.00002059   -0.47425678    0.00000084   -0.11801210   -0.00874218    0.26315328    0.03155286  
  0.03038647    0.00000000   -0.00005062   -0.07937045   -0.03824812   -0.00000032   -0.02156807   -0.01670731    0.03231232   -0.02972265    0.00744600   -0.00000003    0.00625599   -0.02697152    0.01169491   -0.00000015   -0.01979737    0.06316472    0.03231231   -0.02972238    0.00146875   -0.00000001    0.00014976    1.01283680    0.06844780   -0.00000253   -0.00935651    0.86647868   -0.00011928    0.05376281    0.00021770    0.00000028   -0.00056608    0.31861319    0.00419348   -0.00000036    0.02537950    0.07043134   -0.00011911    0.05376590  
 -0.05903841   -0.00000002   -0.05435010    0.03824716    0.08061570    0.00000001   -0.09236399   -0.07748472   -0.04916985    0.04864474   -0.00500122   -0.00000017   -0.05083655    0.05079907    0.00572195   -0.00000012    0.01848199   -0.05228742   -0.04916994    0.04864501    0.72602409   -0.00000056   -0.12725527    0.06844780    1.25599061    0.00000022   -0.31859007   -0.01573865    0.26385582    0.63335391    0.38585321   -0.00000009    0.16138394    0.06323277    0.42025904    0.00000009    0.40579767   -0.03518293    0.26385599    0.63335394  
  0.00000011   -0.05415871    0.00000006   -0.00000033   -0.00000000    0.07268360    0.00000047    0.00000002   -0.02385060    0.06963233    0.00000007   -0.00213948    0.00000016   -0.00000026   -0.00000001    0.04068834    0.00000004    0.00000027    0.02385079   -0.06963224   -0.00000051    0.60740068   -0.00000027   -0.00000253    0.00000022    1.17148645    0.00000008    0.00000071    0.09691062    0.43855635   -0.00000002    0.24269981   -0.00000038   -0.00000141    0.00000003    0.33458830    0.00000008    0.00000087   -0.09691088   -0.43855608  
 -0.05987693   -0.00000027    0.02919572    0.02156993   -0.09236242   -0.00000050    0.34849505    0.00745866   -0.03787295    0.04392348    0.00397863   -0.00000010    0.02223691    0.00775664   -0.00624037    0.00000006    0.01233347    0.01564770   -0.03787267    0.04392434   -0.12096408   -0.00000020    0.75315106   -0.00935651   -0.31859007    0.00000008    1.95406043   -0.00725928    0.02625719    0.27082755   -0.43427762    0.00000077   -0.02448855   -0.00355686   -0.51942852   -0.00000062   -0.09364048    0.01475094    0.02625803    0.27082683  
 -0.02682872   -0.00000032   -0.03310540   -0.01670754    0.07748462    0.00000003   -0.00745901   -0.12347421   -0.01953243    0.10685921    0.02296490   -0.00000014   -0.03151860    0.04044331    0.01861753   -0.00000005    0.02156236   -0.03239122   -0.01953241    0.10685931    0.05655568   -0.00000194   -0.00915089    0.86647868   -0.01573865    0.00000071   -0.00725928    1.19811939    0.05143781   -0.01965582   -0.00106537    0.00000014    0.01183583    0.11112661   -0.00023436    0.00000019   -0.01165165    0.34212210    0.05143977   -0.01965661  
  0.01533003    0.00726655    0.00501923   -0.03231232   -0.04916986   -0.02385072   -0.03787294    0.01953255    0.03071970   -0.01115552    0.00286692    0.00145712    0.00483583   -0.00762338    0.00087895    0.00717019   -0.01765900    0.05128545    0.01340428   -0.01744036    0.59753264    0.42198857    0.26315326   -0.00011928    0.26385582    0.09691062    0.02625719    0.05143781    1.01479003    0.48821131    0.14528372    0.08364933    0.16825946   -0.00015999    0.15583818    0.01154765    0.07251900    0.06728325    0.29983718    0.22353143  
 -0.04689819   -0.02159674   -0.03427149    0.02972310    0.04864657    0.06963211    0.04392129   -0.10685896   -0.01115515    0.27449158    0.00183579    0.01020607   -0.02589049    0.03928862    0.00397381    0.07782209    0.02951860   -0.06650820   -0.01744017    0.05362844    0.31495103    0.10380351    0.03155157    0.05376281    0.63335391    0.43855635    0.27082755   -0.01965582    0.48821131    1.50187914    0.15265658    0.02608685    0.05041245    0.04744192    0.14312189    0.21498056    0.23344598   -0.02658723    0.22353182    0.46303269  
  0.00422062   -0.00000000   -0.00319679   -0.00744601   -0.00500071   -0.00000007    0.00397773   -0.02296502    0.00286692    0.00183569    0.00332885   -0.00000000    0.00118395   -0.00312396   -0.00462221   -0.00000005   -0.01183946   -0.01574616    0.00286692    0.00183585    0.42137818    0.00000001   -0.50878437    0.00021770    0.38585321   -0.00000002   -0.43427762   -0.00106537    0.14528372    0.15265658    1.01573224   -0.00000000    0.01254833    0.00746322    0.97525171   -0.00000005   -0.03257976    0.00738077    0.14528371    0.15265647  
  0.00000002    0.00314043   -0.00000000   -0.00000003    0.00000018   -0.00213947    0.00000006   -0.00000014    0.00145715    0.01020635    0.00000000    0.00424669    0.00000000    0.00000001    0.00000005    0.00480826    0.00000009    0.00000003   -0.00145712   -0.01020611   -0.00000001    0.31474349    0.00000000    0.00000028   -0.00000009    0.24269981    0.00000077    0.00000014    0.08364933    0.02608685   -0.00000000    1.01016484    0.00000001    0.00000009   -0.00000008    0.97723390   -0.00000027   -0.00000015   -0.08364935   -0.02608666  
  0.00715402    0.00000000    0.00410635   -0.00625599   -0.05083606   -0.00000015    0.02223566    0.03151848    0.00483584   -0.02589073    0.00118394   -0.00000000    0.00794968    0.00020933   -0.00952899   -0.00000011   -0.04275802    0.03934945    0.00483584   -0.02589053    0.40225237    0.00000001   -0.18096778   -0.00056608    0.16138394   -0.00000038   -0.02448855    0.01183583    0.16825946    0.05041245    0.01254833    0.00000001    1.03088266   -0.00042414   -0.04189090   -0.00000023    0.85119351    0.02001462    0.16825944    0.05041284  
  0.01217236   -0.00000000   -0.00752293   -0.02697153   -0.05079945   -0.00000025   -0.00775601    0.04044322    0.00762337   -0.03928840    0.00312395    0.00000001   -0.00020932   -0.03087562    0.00921920   -0.00000010   -0.02462147    0.04380136    0.00762337   -0.03928827   -0.00033032    0.00000014    0.00002059    0.31861319    0.06323277   -0.00000141   -0.00355686    0.11112661   -0.00015999    0.04744192    0.00746322    0.00000009   -0.00042414    1.03925532    0.00985600    0.00000017    0.02775096    0.86405629   -0.00016013    0.04744305  
 -0.00379084   -0.00000003   -0.00033677   -0.01169506    0.00572164    0.00000001   -0.00623949   -0.01861778    0.00087916    0.00397385   -0.00462227   -0.00000005   -0.00952913   -0.00921944    0.00489595    0.00000002    0.00592130   -0.00825517    0.00087923    0.00397383    0.40299115   -0.00000007   -0.47425678    0.00419348    0.42025904    0.00000003   -0.51942852   -0.00023436    0.15583818    0.14312189    0.97525171   -0.00000008   -0.04189090    0.00985600    1.01921871    0.00000006    0.03287619    0.00778350    0.15583806    0.14312191  
  0.00000028   -0.00922401   -0.00000016   -0.00000016    0.00000012    0.04068830   -0.00000005   -0.00000006    0.00717067    0.07782200    0.00000004    0.00480827    0.00000010   -0.00000011   -0.00000002    0.05621530   -0.00000003    0.00000001   -0.00717016   -0.07782212   -0.00000031    0.19318394    0.00000084   -0.00000036    0.00000009    0.33458830   -0.00000062    0.00000019    0.01154765    0.21498056   -0.00000005    0.97723390   -0.00000023    0.00000017    0.00000006    1.12584961    0.00000005    0.00000067   -0.01154806   -0.21498017  
 -0.04328535   -0.00000012    0.00301610    0.01979724    0.01848239   -0.00000004    0.01233281   -0.02156248   -0.01765879    0.02951856   -0.01183950   -0.00000009   -0.04275806    0.02462133    0.00592127    0.00000003    0.02769322   -0.01404418   -0.01765869    0.02951872    0.21142074   -0.00000034   -0.11801210    0.02537950    0.40579767    0.00000008   -0.09364048   -0.01165165    0.07251900    0.23344598   -0.03257976   -0.00000027    0.85119351    0.02775096    0.03287619    0.00000005    1.13420168   -0.01165613    0.07251907    0.23344592  
 -0.04920038   -0.00000034   -0.03119326    0.06316470    0.05228781    0.00000027   -0.01564844   -0.03239139   -0.05128536    0.06650838    0.01574619    0.00000003   -0.03934930    0.04380133    0.00825514    0.00000001    0.01404426   -0.05202799   -0.05128535    0.06650826    0.07106481   -0.00000185   -0.00874218    0.07043134   -0.03518293    0.00000087    0.01475094    0.34212210    0.06728325   -0.02658723    0.00738077   -0.00000015    0.02001462    0.86405629    0.00778350    0.00000067   -0.01165613    1.21349575    0.06728562   -0.02658840  
  0.01533003   -0.00726655    0.00501923   -0.03231234   -0.04916980    0.02385055   -0.03787317    0.01953256    0.01340429   -0.01744016    0.00286691   -0.00145715    0.00483583   -0.00762337    0.00087888   -0.00717070   -0.01765912    0.05128545    0.03071970   -0.01115535    0.59753263   -0.42198857    0.26315328   -0.00011911    0.26385599   -0.09691088    0.02625803    0.05143977    0.29983718    0.22353182    0.14528371   -0.08364935    0.16825944   -0.00016013    0.15583806   -0.01154806    0.07251907    0.06728562    1.01479001    0.48821105  
 -0.04689836    0.02159667   -0.03427117    0.02972339    0.04864634   -0.06963216    0.04392039   -0.10685884   -0.01743996    0.05362902    0.00183564   -0.01020631   -0.02589070    0.03928877    0.00397384   -0.07782196    0.02951845   -0.06650831   -0.01115536    0.27449156    0.31495183   -0.10380435    0.03155286    0.05376590    0.63335394   -0.43855608    0.27082683   -0.01965661    0.22353143    0.46303269    0.15265647   -0.02608666    0.05041284    0.04744305    0.14312191   -0.21498017    0.23344592   -0.02658840    0.48821105    1.50187897  
